// Carcel Interior INT 2

	CreateDynamicObject(14412,2604.76660156,-1337.85839844,1052.14306641,0.00000000,0.00000000,0.00000000);
	CreateDynamicObject(14459,2600.03417969,-1337.88647461,1049.85107422,0.00000000,0.00000000,0.00000000);
	CreateDynamicObject(14437,2638.42675781,-1346.24804688,1044.80786133,0.00000000,0.00000000,89.29138184);
	CreateDynamicObject(14416,2584.01977539,-1330.93408203,1043.76611328,0.00000000,0.00000000,0.00000000);
	CreateDynamicObject(1508,2573.45288086,-1344.37475586,1048.01159668,0.00000000,0.00000000,0.00000000);
	CreateDynamicObject(1508,2628.70874023,-1335.46911621,1043.96252441,0.00000000,0.00000000,0.00000000);
	CreateDynamicObject(4099,2583.91113281,-1311.91503906,1048.30358887,0.00000000,0.00000000,229.30664062);
	CreateDynamicObject(4099,2583.91137695,-1311.92675781,1051.63012695,0.00000000,0.00000000,229.30664062);
	CreateDynamicObject(2604,2575.46337891,-1342.54333496,1047.76025391,0.00000000,0.00000000,179.75830078);
	CreateDynamicObject(2609,2573.85571289,-1338.39062500,1047.69506836,0.00000000,0.00000000,87.92456055);
	CreateDynamicObject(2609,2573.86206055,-1337.92602539,1047.69506836,0.00000000,0.00000000,87.92358398);
	CreateDynamicObject(2609,2573.88623047,-1337.45019531,1047.69506836,0.00000000,0.00000000,87.92358398);
	CreateDynamicObject(2608,2573.66845703,-1340.24902344,1048.60351562,0.00000000,0.00000000,90.78070068);
	CreateDynamicObject(2606,2573.62670898,-1337.90100098,1049.42187500,0.00000000,0.00000000,89.30456543);
	CreateDynamicObject(2200,2573.67846680,-1336.31835938,1046.96337891,0.00000000,0.00000000,90.17456055);
	CreateDynamicObject(2063,2573.75659180,-1332.58557129,1047.87231445,0.00000000,0.00000000,90.17456055);
	CreateDynamicObject(2737,2573.53222656,-1329.78808594,1048.39660645,0.00000000,0.00000000,89.99768066);
	CreateDynamicObject(2356,2576.06445312,-1341.30651855,1046.96337891,0.00000000,0.00000000,193.59765625);
	CreateDynamicObject(4099,2638.41308594,-1334.71777344,1044.03845215,0.00000000,0.00000000,141.07543945);
	CreateDynamicObject(4099,2638.42138672,-1334.71887207,1047.37597656,0.00000000,0.00000000,141.07543945);
	CreateDynamicObject(2596,2612.64892578,-1351.30029297,1045.82006836,0.00000000,0.00000000,219.25683594);
	CreateDynamicObject(2994,2621.43041992,-1349.26452637,1043.30151367,0.00000000,0.00000000,359.99279785);
	CreateDynamicObject(18047,2618.12768555,-1318.17797852,1043.35510254,0.00000000,0.00000000,359.73321533);
	CreateDynamicObject(1886,2621.28442383,-1324.62438965,1046.71899414,12.00000000,0.00000000,316.48461914);
	CreateDynamicObject(1886,2587.72412109,-1325.66076660,1046.76538086,0.00000000,0.00000000,40.21228027);
	CreateDynamicObject(1776,2621.09741211,-1324.31713867,1043.89868164,0.00000000,0.00000000,359.58923340);
	CreateDynamicObject(3819,2586.23901367,-1349.14453125,1043.79711914,0.00000000,0.00000000,269.71923828);
	CreateDynamicObject(14782,2626.08496094,-1337.65869141,1043.81530762,0.00000000,0.00000000,0.00000000);
	CreateDynamicObject(947,2582.82299805,-1342.73999023,1045.00219727,0.00000000,0.00000000,269.96704102);
	CreateDynamicObject(2628,2607.96191406,-1350.21093750,1042.79931641,0.00000000,0.00000000,180.95532227);
	CreateDynamicObject(2629,2605.48583984,-1350.37194824,1042.79931641,0.00000000,0.00000000,183.80786133);
	CreateDynamicObject(2713,2621.57958984,-1350.36560059,1042.94555664,0.00000000,0.00000000,70.36743164);
	CreateDynamicObject(1712,2599.21240234,-1344.57348633,1042.79931641,0.00000000,0.00000000,273.42810059);
	CreateDynamicObject(12842,2618.97729492,-1336.45776367,1043.25402832,0.00000000,0.00000000,180.54455566);
	CreateDynamicObject(12842,2612.50585938,-1336.56286621,1043.25402832,0.00000000,0.00000000,0.00000000);
	CreateDynamicObject(1712,2597.69165039,-1340.07006836,1042.79931641,0.00000000,0.00000000,315.63854980);
	CreateDynamicObject(1764,2598.94042969,-1341.88024902,1042.79931641,0.00000000,0.00000000,277.12988281);
	CreateDynamicObject(2915,2603.73339844,-1350.45336914,1042.92053223,0.00000000,0.00000000,30.15905762);
	CreateDynamicObject(14437,2593.76147461,-1327.75146484,1044.79443359,0.00000000,0.00000000,359.94171143);
	CreateDynamicObject(9339,2590.68115234,-1360.11437988,1043.49841309,0.00000000,0.00000000,0.00000000);
	CreateDynamicObject(9339,2590.68334961,-1362.20617676,1044.37939453,0.00000000,0.00000000,0.00000000);
	CreateDynamicObject(3819,2595.09375000,-1349.15588379,1043.79711914,0.00000000,0.00000000,269.71435547);
	CreateDynamicObject(9339,2599.53686523,-1360.05322266,1043.49841309,0.00000000,0.00000000,0.00000000);
	CreateDynamicObject(9339,2599.52661133,-1362.44665527,1044.39624023,0.00000000,0.00000000,0.00000000);
	CreateDynamicObject(14437,2597.73022461,-1327.75341797,1044.79443359,0.00000000,0.00000000,359.93957520);
	CreateDynamicObject(14437,2601.68432617,-1327.75646973,1044.79443359,0.00000000,0.00000000,359.93957520);
	CreateDynamicObject(3675,2627.74707031,-1350.64453125,1045.44689941,0.00000000,0.00000000,270.86291504);
	CreateDynamicObject(1691,2623.84008789,-1346.06030273,1048.79870605,0.00000000,178.99291992,0.00000000);
	CreateDynamicObject(1691,2627.05249023,-1346.04406738,1048.79870605,0.74975586,178.98950195,0.00875854);
	CreateDynamicObject(2397,2622.69921875,-1341.24499512,1044.69604492,0.00000000,0.00000000,93.33361816);
	CreateDynamicObject(2397,2622.69287109,-1342.23095703,1044.69604492,0.00000000,0.00000000,93.32885742);
	CreateDynamicObject(9339,2591.93261719,-1314.77697754,1043.49841309,0.00000000,0.00000000,0.00000000);
	CreateDynamicObject(9339,2591.92944336,-1314.77856445,1044.90234375,0.00000000,0.00000000,0.00000000);
	CreateDynamicObject(9339,2591.92749023,-1314.75573730,1046.13195801,0.00000000,0.00000000,0.00000000);
	CreateDynamicObject(9339,2595.86206055,-1314.76342773,1043.49841309,0.00000000,0.00000000,0.00000000);
	CreateDynamicObject(9339,2595.86376953,-1314.77893066,1044.86145020,0.00000000,0.00000000,0.00000000);
	CreateDynamicObject(9339,2595.86816406,-1314.76757812,1046.17822266,0.00000000,0.00000000,0.00000000);
	CreateDynamicObject(9339,2600.07861328,-1314.78308105,1043.49841309,0.00000000,0.00000000,0.00000000);
	CreateDynamicObject(9339,2600.07714844,-1314.78149414,1044.90234375,0.00000000,0.00000000,0.00000000);
	CreateDynamicObject(9339,2600.07861328,-1314.78173828,1046.21911621,0.00000000,0.00000000,0.00000000);
	CreateDynamicObject(9339,2603.96044922,-1314.77062988,1043.49841309,0.00000000,0.00000000,0.00000000);
	CreateDynamicObject(9339,2603.96020508,-1314.77270508,1044.90234375,0.00000000,0.00000000,0.00000000);
	CreateDynamicObject(9339,2603.95898438,-1314.77819824,1046.04479980,0.00000000,0.00000000,0.00000000);
	CreateDynamicObject(14437,2605.64892578,-1327.76123047,1044.79443359,0.00000000,0.00000000,359.93957520);
	CreateDynamicObject(9339,2607.98657227,-1314.79833984,1043.49841309,0.00000000,0.00000000,0.00000000);
	CreateDynamicObject(9339,2607.98437500,-1314.79711914,1044.90234375,0.00000000,0.00000000,0.00000000);
	CreateDynamicObject(9339,2607.98828125,-1314.79614258,1046.16784668,0.00000000,0.00000000,0.00000000);
	CreateDynamicObject(14437,2609.64843750,-1327.77624512,1044.79443359,0.00000000,0.00000000,359.94171143);
	CreateDynamicObject(9339,2611.78637695,-1314.80212402,1043.49841309,0.00000000,0.00000000,0.00000000);
	CreateDynamicObject(9339,2611.78808594,-1314.80688477,1044.90234375,0.00000000,0.00000000,0.00000000);
	CreateDynamicObject(9339,2611.79223633,-1314.80688477,1045.94641113,0.00000000,0.00000000,0.00000000);
	CreateDynamicObject(14437,2589.81787109,-1327.72717285,1044.79443359,0.00000000,0.00000000,359.93957520);
	CreateDynamicObject(9339,2587.69506836,-1314.76794434,1043.49841309,0.00000000,0.00000000,0.00000000);
	CreateDynamicObject(9339,2587.69677734,-1314.77429199,1044.90234375,0.00000000,0.00000000,0.00000000);
	CreateDynamicObject(9339,2587.69580078,-1314.77124023,1046.13195801,0.00000000,0.00000000,0.00000000);
	CreateDynamicObject(10402,2578.46166992,-1327.48876953,1040.46569824,359.25012207,359.06396484,359.96386719);
	CreateDynamicObject(1800,2588.59277344,-1327.59326172,1042.79931641,0.00000000,0.00000000,0.00000000);
	CreateDynamicObject(1800,2592.88427734,-1327.70446777,1042.79931641,0.00000000,0.00000000,0.00000000);
	CreateDynamicObject(1800,2596.58081055,-1327.45898438,1042.79931641,0.00000000,0.00000000,0.00000000);
	CreateDynamicObject(1800,2600.73193359,-1327.42102051,1042.79931641,0.00000000,0.00000000,0.00000000);
	CreateDynamicObject(1800,2604.70434570,-1327.40612793,1042.79931641,0.00000000,0.00000000,0.00000000);
	CreateDynamicObject(1800,2608.76220703,-1327.52355957,1042.79931641,0.00000000,0.00000000,0.00000000);
	CreateDynamicObject(2602,2591.37963867,-1325.24084473,1043.32275391,0.00000000,0.00000000,272.52209473);
	CreateDynamicObject(2602,2595.31176758,-1325.39501953,1043.32275391,0.00000000,0.00000000,272.52136230);
	CreateDynamicObject(2602,2599.55981445,-1325.06921387,1043.32275391,0.00000000,0.00000000,272.52136230);
	CreateDynamicObject(2602,2603.42895508,-1325.32727051,1043.32275391,0.00000000,0.00000000,272.52136230);
	CreateDynamicObject(2602,2607.35742188,-1325.40490723,1043.32275391,0.00000000,0.00000000,272.52136230);
	CreateDynamicObject(2602,2611.05273438,-1325.22338867,1043.32275391,0.00000000,0.00000000,272.52136230);
	CreateDynamicObject(3071,2607.35864258,-1350.50158691,1043.00878906,358.62182617,23.25714111,0.59222412);
	CreateDynamicObject(2913,2605.96484375,-1350.87573242,1043.66101074,359.98245239,270.44683838,3.75009155);
	CreateDynamicObject(1299,2600.47851562,-1348.62890625,1043.25512695,0.00000000,0.00000000,0.00000000);
	CreateDynamicObject(2103,2601.08813477,-1348.25720215,1044.62243652,0.00000000,0.00000000,170.90222168);
	CreateDynamicObject(3109,2576.33593750,-1323.88574219,1048.15490723,0.00000000,0.00000000,269.99450684);